Sample	0	1	2	3	4	5	6	7	8	9	10	11	12	13	14	15
clean_SRR24510773_R1	(1.0, 13.878869078291936)	(2.0, 8.391448234795654)	(3.0, 7.214263629805215)	(4.0, 5.908825449173795)	(5.0, 4.998454086365042)	(6.0, 4.727060359339036)	(7.0, 3.8235597237967642)	(8.0, 3.719353693588466)	(9.0, 3.462846542306503)	('>10', 38.03405590481753)	('>50', 4.607967753386696)	('>100', 1.2332955443333677)	('>500', 0.0)	('>1k', 0.0)	('>5k', 0.0)	('>10k+', 0.0)
clean_SRR24510773_R2	(1.0, 19.24834243704696)	(2.0, 8.549474961924721)	(3.0, 6.908516266446803)	(4.0, 5.611093934292945)	(5.0, 5.009905298475844)	(6.0, 4.424748359613865)	(7.0, 3.6632427542455366)	(8.0, 3.343753936354163)	(9.0, 3.019684633618468)	('>10', 35.380810058744714)	('>50', 3.6609525118233766)	('>100', 1.1794748474125987)	('>500', 0.0)	('>1k', 0.0)	('>5k', 0.0)	('>10k+', 0.0)
clean_SRR24510774_R1	(1.0, 15.252636099050527)	(2.0, 7.549978529509996)	(3.0, 6.249343957249868)	(4.0, 5.5537000811107395)	(5.0, 4.85710196097142)	(6.0, 4.397156352879431)	(7.0, 3.927668304785534)	(8.0, 3.5726895367145377)	(9.0, 3.263514480652703)	('>10', 38.49611145569922)	('>50', 5.176773701035355)	('>100', 1.7033255403406653)	('>500', 0.0)	('>1k', 0.0)	('>5k', 0.0)	('>10k+', 0.0)
clean_SRR24510774_R2	(1.0, 19.434133307886828)	(2.0, 7.630135025526028)	(3.0, 6.226442101245288)	(4.0, 5.610954721122191)	(5.0, 4.8714156209742825)	(6.0, 4.288372536857675)	(7.0, 3.7205973567441193)	(8.0, 3.2138937926427786)	(9.0, 2.885633856577127)	('>10', 35.45779855909156)	('>50', 5.177727945035546)	('>100', 1.4828951762965792)	('>500', 0.0)	('>1k', 0.0)	('>5k', 0.0)	('>10k+', 0.0)
clean_SRR24510775_R1	(1.0, 12.994614844298761)	(2.0, 6.04241228216878)	(3.0, 5.210389002241027)	(4.0, 4.545606582600261)	(5.0, 4.080676991002441)	(6.0, 3.537144195069739)	(7.0, 3.5237649262467805)	(8.0, 2.9099909689935446)	(9.0, 2.807137839917049)	('>10', 41.790982372813325)	('>50', 9.143894036190922)	('>100', 3.4133859584573703)	('>500', 0.0)	('>1k', 0.0)	('>5k', 0.0)	('>10k+', 0.0)
clean_SRR24510775_R2	(1.0, 15.799244071311502)	(2.0, 5.942067765996589)	(3.0, 5.200354550623809)	(4.0, 4.472020604073988)	(5.0, 3.8590828511221864)	(6.0, 3.7579021306485596)	(7.0, 3.1784125497541558)	(8.0, 3.0571629260460917)	(9.0, 2.7619828076395625)	('>10', 40.02491888818276)	('>50', 8.968291132889588)	('>100', 2.9785597217112088)	('>500', 0.0)	('>1k', 0.0)	('>5k', 0.0)	('>10k+', 0.0)
clean_SRR24510776_R1	(1.0, 17.418065431794812)	(2.0, 11.278946834856406)	(3.0, 9.58449796521311)	(4.0, 7.698880505148517)	(5.0, 6.560558444003534)	(6.0, 5.3092731248823295)	(7.0, 4.440324986603716)	(8.0, 4.008747411258671)	(9.0, 3.467103071731669)	('>10', 28.644875378354502)	('>50', 1.5887268461527322)	('>100', 0.0)	('>500', 0.0)	('>1k', 0.0)	('>5k', 0.0)	('>10k+', 0.0)
clean_SRR24510776_R2	(1.0, 23.968486147518426)	(2.0, 11.241292415531)	(3.0, 9.25864241335863)	(4.0, 7.768396356210807)	(5.0, 5.9233298092658835)	(6.0, 4.674940983938942)	(7.0, 4.298396790684876)	(8.0, 3.487378528291503)	(9.0, 3.349795073064056)	('>10', 24.956190531361784)	('>50', 1.073150950774088)	('>100', 0.0)	('>500', 0.0)	('>1k', 0.0)	('>5k', 0.0)	('>10k+', 0.0)
clean_SRR24510777_R1	(1.0, 19.131014818787033)	(2.0, 6.667800201420407)	(3.0, 5.403037001190211)	(4.0, 4.221980982774632)	(5.0, 3.701426945864996)	(6.0, 3.2331898975894946)	(7.0, 2.737486430281073)	(8.0, 2.8460441816969015)	(9.0, 2.5896909373896437)	('>10', 35.078540879186995)	('>50', 8.785330316386988)	('>100', 5.604457407431628)	('>500', 0.0)	('>1k', 0.0)	('>5k', 0.0)	('>10k+', 0.0)
clean_SRR24510777_R2	(1.0, 23.2509776737251)	(2.0, 6.976470434361798)	(3.0, 5.230390938697568)	(4.0, 4.462639130491649)	(5.0, 3.524857109224793)	(6.0, 3.186104607818774)	(7.0, 2.5635324430725768)	(8.0, 2.469361863531135)	(9.0, 2.2718652314372783)	('>10', 33.15719947159842)	('>50', 7.582039577801902)	('>100', 5.32456151823901)	('>500', 0.0)	('>1k', 0.0)	('>5k', 0.0)	('>10k+', 0.0)
clean_SRR24510778_R1	(1.0, 24.91305881759992)	(2.0, 15.881255985081397)	(3.0, 11.521596693715034)	(4.0, 9.16284461468676)	(5.0, 6.67809082203518)	(6.0, 5.2467113552744316)	(7.0, 4.268938057557583)	(8.0, 3.628849352351192)	(9.0, 2.608235472002419)	('>10', 15.757774305730557)	('>50', 0.3326445239655259)	('>100', 0.0)	('>500', 0.0)	('>1k', 0.0)	('>5k', 0.0)	('>10k+', 0.0)
clean_SRR24510778_R2	(1.0, 29.32059876014314)	(2.0, 15.069804949347313)	(3.0, 10.99994959931455)	(4.0, 8.900761050350285)	(5.0, 6.602489793861197)	(6.0, 5.201350738370042)	(7.0, 3.6515296608033867)	(8.0, 3.3062849654755304)	(9.0, 2.608235472002419)	('>10', 14.19535305680157)	('>50', 0.14364195353056802)	('>100', 0.0)	('>500', 0.0)	('>1k', 0.0)	('>5k', 0.0)	('>10k+', 0.0)
clean_SRR24510779_R1	(1.0, 31.57894736842105)	(2.0, 16.867469879518072)	(3.0, 11.59162967660114)	(4.0, 8.319594166138238)	(5.0, 5.707038681039949)	(6.0, 4.66708941027267)	(7.0, 3.432678080744029)	(8.0, 2.705559078418939)	(9.0, 2.1306277742549145)	('>10', 12.999365884590997)	('>50', 0.0)	('>100', 0.0)	('>500', 0.0)	('>1k', 0.0)	('>5k', 0.0)	('>10k+', 0.0)
clean_SRR24510779_R2	(1.0, 36.275628831113934)	(2.0, 16.952018600718663)	(3.0, 11.033608116677234)	(4.0, 7.846121327414924)	(5.0, 5.4322553371380256)	(6.0, 3.83005707038681)	(7.0, 2.988797294440922)	(8.0, 2.299725216656098)	(9.0, 2.206721623335447)	('>10', 10.665821179454662)	('>50', 0.46924540266328474)	('>100', 0.0)	('>500', 0.0)	('>1k', 0.0)	('>5k', 0.0)	('>10k+', 0.0)
clean_SRR24510780_R1	(1.0, 23.895981582251988)	(2.0, 14.964420259522813)	(3.0, 10.72886144830473)	(4.0, 8.842611971536208)	(5.0, 6.985140226035997)	(6.0, 5.509627459187945)	(7.0, 4.669840937630807)	(8.0, 3.1812473838426123)	(9.0, 2.684177480117204)	('>10', 18.21630389284219)	('>50', 0.321787358727501)	('>100', 0.0)	('>500', 0.0)	('>1k', 0.0)	('>5k', 0.0)	('>10k+', 0.0)
clean_SRR24510780_R2	(1.0, 30.525324403516112)	(2.0, 15.042904981163666)	(3.0, 10.760255336961071)	(4.0, 7.565927166178317)	(5.0, 6.331100879028882)	(6.0, 4.928840519045625)	(7.0, 4.120447886144831)	(8.0, 2.825449979070741)	(9.0, 2.731268313101716)	('>10', 14.87023859355379)	('>50', 0.29824194223524486)	('>100', 0.0)	('>500', 0.0)	('>1k', 0.0)	('>5k', 0.0)	('>10k+', 0.0)
clean_SRR24510782_R1	(1.0, 28.726042085511327)	(2.0, 17.893043827905107)	(3.0, 12.82669883393647)	(4.0, 9.060447661171425)	(5.0, 6.567484251440827)	(6.0, 5.227181342983514)	(7.0, 4.198498860742528)	(8.0, 3.0022785149443774)	(9.0, 2.261761158021713)	('>10', 10.236563463342716)	('>50', 0.0)	('>100', 0.0)	('>500', 0.0)	('>1k', 0.0)	('>5k', 0.0)	('>10k+', 0.0)
clean_SRR24510782_R2	(1.0, 35.715721753116206)	(2.0, 17.236295402761023)	(3.0, 11.58021712907117)	(4.0, 8.283071974266184)	(5.0, 6.299423669749363)	(6.0, 4.6039404905508645)	(7.0, 3.963945851762498)	(8.0, 2.251708886208283)	(9.0, 1.8998793727382386)	('>10', 8.16579546977617)	('>50', 0.0)	('>100', 0.0)	('>500', 0.0)	('>1k', 0.0)	('>5k', 0.0)	('>10k+', 0.0)
clean_SRR37461704_R1	(1.0, 16.878378147965012)	(2.0, 9.52445907006087)	(3.0, 7.345393783355216)	(4.0, 6.247335845453461)	(5.0, 5.422087333117359)	(6.0, 4.746884004842367)	(7.0, 3.6522361847601834)	(8.0, 3.628365360023189)	(9.0, 2.9923783866732596)	('>10', 33.41233439615338)	('>50', 4.668451294992242)	('>100', 1.4816961926034544)	('>500', 0.0)	('>1k', 0.0)	('>5k', 0.0)	('>10k+', 0.0)
clean_SRR37461704_R2	(1.0, 19.292741564221043)	(2.0, 9.650633429384985)	(3.0, 7.560231205988168)	(4.0, 5.68125628740473)	(5.0, 4.850892598339272)	(6.0, 4.838957185970775)	(7.0, 3.7715903084451567)	(8.0, 3.5192415897969274)	(9.0, 3.0844515678016675)	('>10', 31.60326689287115)	('>50', 4.451908813449505)	('>100', 1.6948285563266212)	('>500', 0.0)	('>1k', 0.0)	('>5k', 0.0)	('>10k+', 0.0)
clean_SRR37461705_R1	(1.0, 17.82004183438505)	(2.0, 10.992951433442899)	(3.0, 8.948691357156669)	(4.0, 7.937986676275685)	(5.0, 6.679439630169974)	(6.0, 5.821658961874462)	(7.0, 4.89708389727725)	(8.0, 3.6561143238825125)	(9.0, 3.796734105570301)	('>10', 27.66869979434357)	('>50', 1.7805979856216274)	('>100', 0.0)	('>500', 0.0)	('>1k', 0.0)	('>5k', 0.0)	('>10k+', 0.0)
clean_SRR37461705_R2	(1.0, 18.415918159287056)	(2.0, 10.135170765147388)	(3.0, 9.069975918862387)	(4.0, 7.755180960081559)	(5.0, 6.38941133043891)	(6.0, 5.674008191102283)	(7.0, 4.749433126505071)	(8.0, 4.134221581620995)	(9.0, 3.6859960274911674)	('>10', 28.290942328312035)	('>50', 1.3183104533230212)	('>100', 0.3814311578281275)	('>500', 0.0)	('>1k', 0.0)	('>5k', 0.0)	('>10k+', 0.0)
clean_SRR37461706_R1	(1.0, 20.011377559950986)	(2.0, 12.427796254157185)	(3.0, 9.22895151409067)	(4.0, 7.85051636618239)	(5.0, 6.487397164361981)	(6.0, 5.5925083143707335)	(7.0, 4.947050586381936)	(8.0, 4.218449151058988)	(9.0, 3.2885524242954665)	('>10', 24.354542272011205)	('>50', 1.5928583931384563)	('>100', 0.0)	('>500', 0.0)	('>1k', 0.0)	('>5k', 0.0)	('>10k+', 0.0)
clean_SRR37461706_R2	(1.0, 23.352441799404865)	(2.0, 11.845790302818134)	(3.0, 9.773761596359181)	(4.0, 7.482933660073517)	(5.0, 5.9075792053211975)	(6.0, 5.513740591633117)	(7.0, 4.058725713285489)	(8.0, 3.9208821984946614)	(9.0, 3.2885524242954665)	('>10', 23.087694731314546)	('>50', 1.7678977769998252)	('>100', 0.0)	('>500', 0.0)	('>1k', 0.0)	('>5k', 0.0)	('>10k+', 0.0)
clean_SRR37461707_R1	(1.0, 15.994106699751862)	(2.0, 9.863523573200993)	(3.0, 7.918734491315137)	(4.0, 7.078163771712159)	(5.0, 6.156947890818858)	(6.0, 5.54590570719603)	(7.0, 4.396712158808933)	(8.0, 4.168734491315137)	(9.0, 3.335918114143921)	('>10', 32.907878411910666)	('>50', 2.11848635235732)	('>100', 0.5148883374689825)	('>500', 0.0)	('>1k', 0.0)	('>5k', 0.0)	('>10k+', 0.0)
clean_SRR37461707_R2	(1.0, 20.1659429280397)	(2.0, 9.55955334987593)	(3.0, 7.788461538461538)	(4.0, 6.767990074441688)	(5.0, 5.862282878411911)	(6.0, 4.857320099255583)	(7.0, 4.494416873449132)	(8.0, 3.672456575682382)	(9.0, 3.6569478908188584)	('>10', 30.437344913151364)	('>50', 2.2037841191067)	('>100', 0.533498759305211)	('>500', 0.0)	('>1k', 0.0)	('>5k', 0.0)	('>10k+', 0.0)
clean_SRR37461708_R1	(1.0, 17.381959836120625)	(2.0, 9.322318490160521)	(3.0, 6.870844247430989)	(4.0, 5.722345355631674)	(5.0, 4.835784807576063)	(6.0, 4.002955201826852)	(7.0, 3.714151386929948)	(8.0, 2.847739942239237)	(9.0, 2.3574450936933307)	('>10', 33.25273691987373)	('>50', 6.608905903687286)	('>100', 3.0828128148297402)	('>500', 0.0)	('>1k', 0.0)	('>5k', 0.0)	('>10k+', 0.0)
clean_SRR37461708_R2	(1.0, 19.10806635771375)	(2.0, 9.17455839881792)	(3.0, 6.978306132043791)	(4.0, 5.614883471018873)	(5.0, 4.723845344437728)	(6.0, 4.271609913358856)	(7.0, 3.5574361385362794)	(8.0, 3.438780307609645)	(9.0, 2.4178924037880316)	('>10', 31.596032865426377)	('>50', 6.046969798732845)	('>100', 3.0716188685159067)	('>500', 0.0)	('>1k', 0.0)	('>5k', 0.0)	('>10k+', 0.0)
clean_SRR37461709_R1	(1.0, 19.31074625667376)	(2.0, 11.139657179559231)	(3.0, 8.423989402272088)	(4.0, 6.6235799446027865)	(5.0, 5.981293404520092)	(6.0, 4.87736341375296)	(7.0, 4.51005579864317)	(8.0, 3.7252619324796274)	(9.0, 3.179318373409337)	('>10', 28.499458070731805)	('>50', 3.5004616434506843)	('>100', 0.22881457990445989)	('>500', 0.0)	('>1k', 0.0)	('>5k', 0.0)	('>10k+', 0.0)
clean_SRR37461709_R2	(1.0, 21.13724860503392)	(2.0, 10.613785074866525)	(3.0, 8.56248243747742)	(4.0, 7.057123359158604)	(5.0, 5.5899000441572)	(6.0, 5.226606719922926)	(7.0, 4.130705310906828)	(8.0, 3.7252619324796274)	(9.0, 2.9264180482517763)	('>10', 27.186784954437798)	('>50', 3.4061258078760384)	('>100', 0.43755770543133554)	('>500', 0.0)	('>1k', 0.0)	('>5k', 0.0)	('>10k+', 0.0)
clean_SRR37461710_R1	(1.0, 17.837093528227943)	(2.0, 10.634466687850864)	(3.0, 8.399533947675035)	(4.0, 7.047276065388554)	(5.0, 6.64654167990679)	(6.0, 5.4337464251668255)	(7.0, 4.769974932034036)	(8.0, 3.799032588355753)	(9.0, 3.7813790911979663)	('>10', 28.872294601560565)	('>50', 2.384987466017018)	('>100', 0.39367298661864913)	('>500', 0.0)	('>1k', 0.0)	('>5k', 0.0)	('>10k+', 0.0)
clean_SRR37461710_R2	(1.0, 18.144264378773435)	(2.0, 10.655650884440208)	(3.0, 8.516047028916427)	(4.0, 7.273240829008226)	(5.0, 6.284644988172157)	(6.0, 4.946509903611906)	(7.0, 4.621685555908626)	(8.0, 4.166225329237722)	(9.0, 2.92341912932952)	('>10', 29.451329308335982)	('>50', 2.63919782508915)	('>100', 0.3777848391766409)	('>500', 0.0)	('>1k', 0.0)	('>5k', 0.0)	('>10k+', 0.0)
clean_SRR37461711_R1	(1.0, 17.05435088707406)	(2.0, 9.07162301699052)	(3.0, 7.716136299633907)	(4.0, 6.3831784473857125)	(5.0, 5.172251947808129)	(6.0, 4.517037454238243)	(7.0, 3.8374166901342344)	(8.0, 3.649676147564066)	(9.0, 3.2779498732751335)	('>10', 33.316436684502015)	('>50', 4.759222754153759)	('>100', 1.244719797240214)	('>500', 0.0)	('>1k', 0.0)	('>5k', 0.0)	('>10k+', 0.0)
clean_SRR37461711_R2	(1.0, 25.523326762414346)	(2.0, 9.443349291279452)	(3.0, 7.062799211489722)	(4.0, 5.527081573265747)	(5.0, 5.247348164836197)	(6.0, 3.9312869614193184)	(7.0, 3.640289120435558)	(8.0, 3.033887167933915)	(9.0, 3.142776682624613)	('>10', 28.90077912325167)	('>50', 3.424387496479865)	('>100', 1.1226884445696048)	('>500', 0.0)	('>1k', 0.0)	('>5k', 0.0)	('>10k+', 0.0)
clean_SRR37461712_R1	(1.0, 24.233330475292234)	(2.0, 14.810368973105833)	(3.0, 11.575066449455543)	(4.0, 8.494098145131327)	(5.0, 5.916145074166167)	(6.0, 5.161622224127583)	(7.0, 4.601446168795907)	(8.0, 3.4296493183571983)	(9.0, 2.6751264683186142)	('>10', 18.38292034639458)	('>50', 0.7202263568550116)	('>100', 0.0)	('>500', 0.0)	('>1k', 0.0)	('>5k', 0.0)	('>10k+', 0.0)
clean_SRR37461712_R2	(1.0, 28.38892223270171)	(2.0, 14.507416616650948)	(3.0, 10.614764640315528)	(4.0, 7.956786418588699)	(5.0, 6.273400211495041)	(6.0, 5.693217868472948)	(7.0, 3.661150647346309)	(8.0, 3.2238703592557663)	(9.0, 2.366458029666467)	('>10', 16.445168481522764)	('>50', 0.8688444939838235)	('>100', 0.0)	('>500', 0.0)	('>1k', 0.0)	('>5k', 0.0)	('>10k+', 0.0)
clean_SRR37461713_R1	(1.0, 22.839974908382583)	(2.0, 12.189243619795965)	(3.0, 8.626894252038694)	(4.0, 6.708706130938625)	(5.0, 5.975766780019149)	(6.0, 4.516491135395688)	(7.0, 3.4666050381326556)	(8.0, 3.195879692297534)	(9.0, 3.0308032619102643)	('>10', 25.56043448116478)	('>50', 3.0737231338109545)	('>100', 0.8154775661131104)	('>500', 0.0)	('>1k', 0.0)	('>5k', 0.0)	('>10k+', 0.0)
clean_SRR37461713_R2	(1.0, 25.243487734821223)	(2.0, 11.594968470401797)	(3.0, 8.973554755851959)	(4.0, 6.49740830004292)	(5.0, 4.968800554656807)	(6.0, 4.6749645085674665)	(7.0, 3.674601340420615)	(8.0, 3.2222919211594965)	(9.0, 2.9119482320314303)	('>10', 24.636006470996072)	('>50', 2.812902373799069)	('>100', 0.7890653372511472)	('>500', 0.0)	('>1k', 0.0)	('>5k', 0.0)	('>10k+', 0.0)
