Sample	0	1	2	3	4	5	6	7	8	9	10	11	12	13	14	15	16	17	18	19	20	21	22	23	24	25	26	27	28	29	30	31	32	33	34	35	36	37	38	39	40	41	42	43	44
clean_SRR24510773_R1	(30, 1.0)	(35, 369.0)	(40, 545.0)	(45, 702.0)	(50, 782.0)	(55, 858.0)	(60, 971.0)	(65, 993.0)	(70, 1105.0)	(75, 1049.0)	(80, 1147.0)	(85, 1161.0)	(90, 1288.0)	(95, 1239.0)	(100, 1242.0)	(105, 1346.0)	(110, 1364.0)	(115, 1333.0)	(120, 1500.0)	(125, 1362.0)	(130, 1436.0)	(135, 1372.0)	(140, 1461.0)	(145, 1464.0)	(150, 1414.0)	(155, 1458.0)	(160, 1333.0)	(165, 1365.0)	(170, 1396.0)	(175, 1344.0)	(180, 1417.0)	(185, 1335.0)	(190, 1279.0)	(195, 1303.0)	(200, 1288.0)	(205, 1281.0)	(210, 1318.0)	(215, 1314.0)	(220, 1299.0)	(225, 1232.0)	(230, 1164.0)	(235, 1098.0)	(240, 1176.0)	(245, 3746.0)	(250, 32677.0)
clean_SRR24510773_R2	(30, 1.0)	(35, 369.0)	(40, 542.0)	(45, 701.0)	(50, 786.0)	(55, 859.0)	(60, 976.0)	(65, 993.0)	(70, 1104.0)	(75, 1052.0)	(80, 1147.0)	(85, 1160.0)	(90, 1289.0)	(95, 1239.0)	(100, 1241.0)	(105, 1347.0)	(110, 1362.0)	(115, 1334.0)	(120, 1499.0)	(125, 1365.0)	(130, 1435.0)	(135, 1371.0)	(140, 1461.0)	(145, 1470.0)	(150, 1413.0)	(155, 1455.0)	(160, 1333.0)	(165, 1358.0)	(170, 1404.0)	(175, 1344.0)	(180, 1414.0)	(185, 1336.0)	(190, 1272.0)	(195, 1303.0)	(200, 1282.0)	(205, 1282.0)	(210, 1315.0)	(215, 1307.0)	(220, 1290.0)	(225, 1231.0)	(230, 1160.0)	(235, 1095.0)	(240, 1183.0)	(245, 3848.0)	(250, 32599.0)
clean_SRR24510774_R1	(30, 18.0)	(35, 447.0)	(40, 617.0)	(45, 833.0)	(50, 953.0)	(55, 1023.0)	(60, 1080.0)	(65, 1221.0)	(70, 1271.0)	(75, 1246.0)	(80, 1356.0)	(85, 1358.0)	(90, 1438.0)	(95, 1323.0)	(100, 1449.0)	(105, 1500.0)	(110, 1518.0)	(115, 1536.0)	(120, 1657.0)	(125, 1556.0)	(130, 1707.0)	(135, 1632.0)	(140, 1617.0)	(145, 1624.0)	(150, 1715.0)	(155, 1696.0)	(160, 1622.0)	(165, 1609.0)	(170, 1644.0)	(175, 1572.0)	(180, 1630.0)	(185, 1569.0)	(190, 1522.0)	(195, 1640.0)	(200, 1569.0)	(205, 1548.0)	(210, 1534.0)	(215, 1584.0)	(220, 1546.0)	(225, 1408.0)	(230, 1473.0)	(235, 1398.0)	(240, 1410.0)	(245, 4801.0)	(250, 40325.0)
clean_SRR24510774_R2	(30, 18.0)	(35, 449.0)	(40, 616.0)	(45, 836.0)	(50, 954.0)	(55, 1025.0)	(60, 1085.0)	(65, 1219.0)	(70, 1274.0)	(75, 1249.0)	(80, 1358.0)	(85, 1356.0)	(90, 1442.0)	(95, 1326.0)	(100, 1447.0)	(105, 1506.0)	(110, 1521.0)	(115, 1536.0)	(120, 1657.0)	(125, 1559.0)	(130, 1710.0)	(135, 1639.0)	(140, 1623.0)	(145, 1626.0)	(150, 1719.0)	(155, 1699.0)	(160, 1619.0)	(165, 1607.0)	(170, 1647.0)	(175, 1572.0)	(180, 1628.0)	(185, 1565.0)	(190, 1525.0)	(195, 1634.0)	(200, 1560.0)	(205, 1539.0)	(210, 1527.0)	(215, 1584.0)	(220, 1544.0)	(225, 1401.0)	(230, 1462.0)	(235, 1393.0)	(240, 1416.0)	(245, 4701.0)	(250, 40422.0)
clean_SRR24510775_R1	(30, 3.0)	(35, 292.0)	(40, 537.0)	(45, 796.0)	(50, 969.0)	(55, 1179.0)	(60, 1270.0)	(65, 1430.0)	(70, 1509.0)	(75, 1709.0)	(80, 1757.0)	(85, 1800.0)	(90, 2027.0)	(95, 1887.0)	(100, 2011.0)	(105, 1984.0)	(110, 2157.0)	(115, 2107.0)	(120, 2290.0)	(125, 2110.0)	(130, 2369.0)	(135, 2279.0)	(140, 2256.0)	(145, 2343.0)	(150, 2296.0)	(155, 2249.0)	(160, 2171.0)	(165, 2212.0)	(170, 2180.0)	(175, 2161.0)	(180, 2271.0)	(185, 2119.0)	(190, 2067.0)	(195, 2075.0)	(200, 1996.0)	(205, 1979.0)	(210, 1981.0)	(215, 1893.0)	(220, 1919.0)	(225, 1800.0)	(230, 1718.0)	(235, 1720.0)	(240, 1733.0)	(245, 4735.0)	(250, 37242.0)
clean_SRR24510775_R2	(30, 3.0)	(35, 293.0)	(40, 540.0)	(45, 798.0)	(50, 971.0)	(55, 1180.0)	(60, 1276.0)	(65, 1434.0)	(70, 1514.0)	(75, 1713.0)	(80, 1763.0)	(85, 1802.0)	(90, 2031.0)	(95, 1889.0)	(100, 2014.0)	(105, 1988.0)	(110, 2161.0)	(115, 2107.0)	(120, 2291.0)	(125, 2115.0)	(130, 2369.0)	(135, 2278.0)	(140, 2256.0)	(145, 2340.0)	(150, 2290.0)	(155, 2247.0)	(160, 2173.0)	(165, 2209.0)	(170, 2171.0)	(175, 2152.0)	(180, 2264.0)	(185, 2114.0)	(190, 2067.0)	(195, 2061.0)	(200, 1988.0)	(205, 1974.0)	(210, 1968.0)	(215, 1884.0)	(220, 1902.0)	(225, 1786.0)	(230, 1710.0)	(235, 1704.0)	(240, 1712.0)	(245, 4279.0)	(250, 37807.0)
clean_SRR24510776_R1	(35, 151.0)	(40, 212.0)	(45, 274.0)	(50, 307.0)	(55, 299.0)	(60, 370.0)	(65, 402.0)	(70, 440.0)	(75, 467.0)	(80, 490.0)	(85, 486.0)	(90, 510.0)	(95, 511.0)	(100, 542.0)	(105, 577.0)	(110, 657.0)	(115, 582.0)	(120, 591.0)	(125, 672.0)	(130, 648.0)	(135, 655.0)	(140, 665.0)	(145, 710.0)	(150, 692.0)	(155, 669.0)	(160, 743.0)	(165, 715.0)	(170, 748.0)	(175, 778.0)	(180, 788.0)	(185, 808.0)	(190, 737.0)	(195, 773.0)	(200, 736.0)	(205, 755.0)	(210, 753.0)	(215, 710.0)	(220, 790.0)	(225, 739.0)	(230, 700.0)	(235, 741.0)	(240, 782.0)	(245, 4191.0)	(250, 39483.0)	
clean_SRR24510776_R2	(35, 151.0)	(40, 212.0)	(45, 275.0)	(50, 307.0)	(55, 299.0)	(60, 371.0)	(65, 404.0)	(70, 440.0)	(75, 467.0)	(80, 491.0)	(85, 486.0)	(90, 511.0)	(95, 514.0)	(100, 541.0)	(105, 579.0)	(110, 659.0)	(115, 578.0)	(120, 593.0)	(125, 674.0)	(130, 647.0)	(135, 656.0)	(140, 666.0)	(145, 708.0)	(150, 697.0)	(155, 669.0)	(160, 745.0)	(165, 717.0)	(170, 747.0)	(175, 779.0)	(180, 786.0)	(185, 810.0)	(190, 741.0)	(195, 775.0)	(200, 731.0)	(205, 755.0)	(210, 752.0)	(215, 717.0)	(220, 789.0)	(225, 737.0)	(230, 696.0)	(235, 732.0)	(240, 783.0)	(245, 4037.0)	(250, 39625.0)	
clean_SRR24510777_R1	(30, 45.0)	(35, 259.0)	(40, 330.0)	(45, 375.0)	(50, 396.0)	(55, 474.0)	(60, 521.0)	(65, 609.0)	(70, 587.0)	(75, 630.0)	(80, 686.0)	(85, 740.0)	(90, 784.0)	(95, 794.0)	(100, 834.0)	(105, 835.0)	(110, 916.0)	(115, 956.0)	(120, 1095.0)	(125, 1021.0)	(130, 1171.0)	(135, 1167.0)	(140, 1157.0)	(145, 1195.0)	(150, 1393.0)	(155, 1321.0)	(160, 1351.0)	(165, 1335.0)	(170, 1385.0)	(175, 1349.0)	(180, 1492.0)	(185, 1455.0)	(190, 1533.0)	(195, 1562.0)	(200, 1493.0)	(205, 1531.0)	(210, 1648.0)	(215, 1538.0)	(220, 1633.0)	(225, 1533.0)	(230, 1556.0)	(235, 1497.0)	(240, 1565.0)	(245, 3962.0)	(250, 26748.0)
clean_SRR24510777_R2	(30, 45.0)	(35, 258.0)	(40, 330.0)	(45, 376.0)	(50, 398.0)	(55, 472.0)	(60, 521.0)	(65, 609.0)	(70, 585.0)	(75, 630.0)	(80, 687.0)	(85, 742.0)	(90, 783.0)	(95, 794.0)	(100, 833.0)	(105, 842.0)	(110, 921.0)	(115, 964.0)	(120, 1101.0)	(125, 1029.0)	(130, 1180.0)	(135, 1166.0)	(140, 1159.0)	(145, 1197.0)	(150, 1392.0)	(155, 1327.0)	(160, 1359.0)	(165, 1343.0)	(170, 1383.0)	(175, 1351.0)	(180, 1486.0)	(185, 1457.0)	(190, 1527.0)	(195, 1561.0)	(200, 1486.0)	(205, 1531.0)	(210, 1636.0)	(215, 1538.0)	(220, 1622.0)	(225, 1526.0)	(230, 1549.0)	(235, 1488.0)	(240, 1550.0)	(245, 3822.0)	(250, 26901.0)
clean_SRR24510778_R1	(35, 48.0)	(40, 61.0)	(45, 99.0)	(50, 105.0)	(55, 111.0)	(60, 135.0)	(65, 151.0)	(70, 155.0)	(75, 173.0)	(80, 176.0)	(85, 188.0)	(90, 194.0)	(95, 215.0)	(100, 224.0)	(105, 233.0)	(110, 266.0)	(115, 264.0)	(120, 289.0)	(125, 294.0)	(130, 281.0)	(135, 288.0)	(140, 303.0)	(145, 284.0)	(150, 327.0)	(155, 327.0)	(160, 379.0)	(165, 297.0)	(170, 353.0)	(175, 316.0)	(180, 318.0)	(185, 368.0)	(190, 339.0)	(195, 341.0)	(200, 367.0)	(205, 369.0)	(210, 357.0)	(215, 337.0)	(220, 395.0)	(225, 357.0)	(230, 388.0)	(235, 435.0)	(240, 398.0)	(245, 2707.0)	(250, 25670.0)	
clean_SRR24510778_R2	(35, 49.0)	(40, 61.0)	(45, 100.0)	(50, 107.0)	(55, 111.0)	(60, 135.0)	(65, 152.0)	(70, 154.0)	(75, 174.0)	(80, 177.0)	(85, 187.0)	(90, 196.0)	(95, 217.0)	(100, 224.0)	(105, 235.0)	(110, 267.0)	(115, 266.0)	(120, 290.0)	(125, 293.0)	(130, 280.0)	(135, 287.0)	(140, 306.0)	(145, 280.0)	(150, 328.0)	(155, 328.0)	(160, 380.0)	(165, 297.0)	(170, 353.0)	(175, 318.0)	(180, 319.0)	(185, 371.0)	(190, 340.0)	(195, 344.0)	(200, 364.0)	(205, 369.0)	(210, 356.0)	(215, 338.0)	(220, 394.0)	(225, 357.0)	(230, 392.0)	(235, 435.0)	(240, 399.0)	(245, 2611.0)	(250, 25741.0)	
clean_SRR24510779_R1	(30, 1.0)	(35, 37.0)	(40, 63.0)	(45, 64.0)	(50, 71.0)	(55, 71.0)	(60, 96.0)	(65, 103.0)	(70, 142.0)	(75, 121.0)	(80, 143.0)	(85, 143.0)	(90, 153.0)	(95, 156.0)	(100, 172.0)	(105, 187.0)	(110, 197.0)	(115, 188.0)	(120, 199.0)	(125, 200.0)	(130, 224.0)	(135, 239.0)	(140, 237.0)	(145, 229.0)	(150, 257.0)	(155, 247.0)	(160, 270.0)	(165, 266.0)	(170, 256.0)	(175, 247.0)	(180, 306.0)	(185, 262.0)	(190, 275.0)	(195, 304.0)	(200, 307.0)	(205, 306.0)	(210, 283.0)	(215, 303.0)	(220, 320.0)	(225, 335.0)	(230, 347.0)	(235, 327.0)	(240, 336.0)	(245, 1464.0)	(250, 13201.0)
clean_SRR24510779_R2	(30, 1.0)	(35, 37.0)	(40, 64.0)	(45, 64.0)	(50, 71.0)	(55, 71.0)	(60, 96.0)	(65, 103.0)	(70, 142.0)	(75, 122.0)	(80, 144.0)	(85, 143.0)	(90, 156.0)	(95, 156.0)	(100, 172.0)	(105, 187.0)	(110, 198.0)	(115, 190.0)	(120, 200.0)	(125, 200.0)	(130, 224.0)	(135, 239.0)	(140, 239.0)	(145, 228.0)	(150, 257.0)	(155, 248.0)	(160, 269.0)	(165, 270.0)	(170, 256.0)	(175, 247.0)	(180, 303.0)	(185, 260.0)	(190, 272.0)	(195, 302.0)	(200, 308.0)	(205, 305.0)	(210, 284.0)	(215, 302.0)	(220, 319.0)	(225, 332.0)	(230, 342.0)	(235, 322.0)	(240, 334.0)	(245, 1400.0)	(250, 13276.0)
clean_SRR24510780_R1	(30, 2.0)	(35, 108.0)	(40, 153.0)	(45, 193.0)	(50, 213.0)	(55, 217.0)	(60, 229.0)	(65, 259.0)	(70, 229.0)	(75, 305.0)	(80, 286.0)	(85, 323.0)	(90, 313.0)	(95, 315.0)	(100, 372.0)	(105, 313.0)	(110, 366.0)	(115, 361.0)	(120, 380.0)	(125, 380.0)	(130, 387.0)	(135, 401.0)	(140, 398.0)	(145, 403.0)	(150, 398.0)	(155, 367.0)	(160, 409.0)	(165, 376.0)	(170, 407.0)	(175, 386.0)	(180, 430.0)	(185, 414.0)	(190, 394.0)	(195, 414.0)	(200, 392.0)	(205, 417.0)	(210, 428.0)	(215, 426.0)	(220, 398.0)	(225, 402.0)	(230, 368.0)	(235, 345.0)	(240, 376.0)	(245, 2240.0)	(250, 21531.0)
clean_SRR24510780_R2	(30, 2.0)	(35, 108.0)	(40, 153.0)	(45, 193.0)	(50, 213.0)	(55, 217.0)	(60, 230.0)	(65, 259.0)	(70, 229.0)	(75, 305.0)	(80, 286.0)	(85, 326.0)	(90, 313.0)	(95, 315.0)	(100, 372.0)	(105, 313.0)	(110, 364.0)	(115, 361.0)	(120, 380.0)	(125, 380.0)	(130, 387.0)	(135, 398.0)	(140, 397.0)	(145, 401.0)	(150, 396.0)	(155, 366.0)	(160, 410.0)	(165, 379.0)	(170, 408.0)	(175, 386.0)	(180, 429.0)	(185, 413.0)	(190, 395.0)	(195, 412.0)	(200, 392.0)	(205, 415.0)	(210, 427.0)	(215, 426.0)	(220, 396.0)	(225, 400.0)	(230, 365.0)	(235, 343.0)	(240, 374.0)	(245, 2111.0)	(250, 21679.0)
clean_SRR24510782_R1	(35, 69.0)	(40, 93.0)	(45, 122.0)	(50, 108.0)	(55, 148.0)	(60, 154.0)	(65, 163.0)	(70, 158.0)	(75, 177.0)	(80, 195.0)	(85, 197.0)	(90, 189.0)	(95, 178.0)	(100, 203.0)	(105, 186.0)	(110, 239.0)	(115, 240.0)	(120, 224.0)	(125, 236.0)	(130, 239.0)	(135, 254.0)	(140, 243.0)	(145, 248.0)	(150, 252.0)	(155, 290.0)	(160, 295.0)	(165, 262.0)	(170, 274.0)	(175, 248.0)	(180, 279.0)	(185, 277.0)	(190, 257.0)	(195, 283.0)	(200, 252.0)	(205, 273.0)	(210, 279.0)	(215, 300.0)	(220, 301.0)	(225, 255.0)	(230, 251.0)	(235, 252.0)	(240, 273.0)	(245, 1905.0)	(250, 18523.0)	
clean_SRR24510782_R2	(35, 69.0)	(40, 92.0)	(45, 123.0)	(50, 108.0)	(55, 149.0)	(60, 154.0)	(65, 163.0)	(70, 158.0)	(75, 177.0)	(80, 195.0)	(85, 197.0)	(90, 189.0)	(95, 177.0)	(100, 203.0)	(105, 185.0)	(110, 239.0)	(115, 241.0)	(120, 224.0)	(125, 237.0)	(130, 239.0)	(135, 255.0)	(140, 243.0)	(145, 247.0)	(150, 252.0)	(155, 290.0)	(160, 296.0)	(165, 262.0)	(170, 275.0)	(175, 249.0)	(180, 279.0)	(185, 278.0)	(190, 258.0)	(195, 282.0)	(200, 251.0)	(205, 272.0)	(210, 277.0)	(215, 299.0)	(220, 303.0)	(225, 257.0)	(230, 248.0)	(235, 252.0)	(240, 276.0)	(245, 1867.0)	(250, 18557.0)	
clean_SRR37461704_R1	(30, 2.0)	(35, 360.0)	(40, 571.0)	(45, 458.0)	(50, 691.0)	(55, 545.0)	(60, 649.0)	(65, 664.0)	(70, 680.0)	(75, 772.0)	(80, 718.0)	(85, 786.0)	(90, 689.0)	(95, 777.0)	(100, 624.0)	(105, 963.0)	(110, 652.0)	(115, 896.0)	(120, 702.0)	(125, 831.0)	(130, 643.0)	(135, 858.0)	(140, 675.0)	(145, 794.0)	(150, 742.0)	(155, 756.0)	(160, 625.0)	(165, 713.0)	(170, 677.0)	(175, 672.0)	(180, 687.0)	(185, 655.0)	(190, 627.0)	(195, 608.0)	(200, 678.0)	(205, 579.0)	(210, 608.0)	(215, 575.0)	(220, 616.0)	(225, 568.0)	(230, 643.0)	(235, 568.0)	(240, 623.0)	(245, 3246.0)	(250, 27183.0)
clean_SRR37461704_R2	(30, 2.0)	(35, 362.0)	(40, 574.0)	(45, 459.0)	(50, 694.0)	(55, 544.0)	(60, 650.0)	(65, 662.0)	(70, 681.0)	(75, 773.0)	(80, 719.0)	(85, 788.0)	(90, 689.0)	(95, 779.0)	(100, 626.0)	(105, 961.0)	(110, 652.0)	(115, 895.0)	(120, 701.0)	(125, 831.0)	(130, 643.0)	(135, 857.0)	(140, 673.0)	(145, 796.0)	(150, 743.0)	(155, 757.0)	(160, 623.0)	(165, 713.0)	(170, 676.0)	(175, 672.0)	(180, 684.0)	(185, 654.0)	(190, 624.0)	(195, 606.0)	(200, 677.0)	(205, 580.0)	(210, 610.0)	(215, 577.0)	(220, 619.0)	(225, 566.0)	(230, 640.0)	(235, 569.0)	(240, 625.0)	(245, 3122.0)	(250, 27301.0)
clean_SRR37461705_R1	(30, 1.0)	(35, 85.0)	(40, 146.0)	(45, 125.0)	(50, 190.0)	(55, 162.0)	(60, 212.0)	(65, 206.0)	(70, 265.0)	(75, 260.0)	(80, 260.0)	(85, 318.0)	(90, 246.0)	(95, 352.0)	(100, 250.0)	(105, 395.0)	(110, 312.0)	(115, 424.0)	(120, 278.0)	(125, 403.0)	(130, 326.0)	(135, 431.0)	(140, 319.0)	(145, 416.0)	(150, 353.0)	(155, 399.0)	(160, 375.0)	(165, 479.0)	(170, 449.0)	(175, 432.0)	(180, 448.0)	(185, 472.0)	(190, 445.0)	(195, 433.0)	(200, 445.0)	(205, 403.0)	(210, 469.0)	(215, 426.0)	(220, 481.0)	(225, 445.0)	(230, 461.0)	(235, 478.0)	(240, 480.0)	(245, 3990.0)	(250, 38146.0)
clean_SRR37461705_R2	(30, 1.0)	(35, 87.0)	(40, 147.0)	(45, 126.0)	(50, 191.0)	(55, 163.0)	(60, 212.0)	(65, 205.0)	(70, 268.0)	(75, 262.0)	(80, 261.0)	(85, 318.0)	(90, 246.0)	(95, 354.0)	(100, 249.0)	(105, 396.0)	(110, 312.0)	(115, 422.0)	(120, 279.0)	(125, 405.0)	(130, 327.0)	(135, 430.0)	(140, 320.0)	(145, 417.0)	(150, 352.0)	(155, 399.0)	(160, 377.0)	(165, 478.0)	(170, 446.0)	(175, 434.0)	(180, 450.0)	(185, 475.0)	(190, 448.0)	(195, 434.0)	(200, 446.0)	(205, 405.0)	(210, 471.0)	(215, 425.0)	(220, 480.0)	(225, 446.0)	(230, 466.0)	(235, 480.0)	(240, 482.0)	(245, 4013.0)	(250, 38086.0)
clean_SRR37461706_R1	(30, 1.0)	(35, 192.0)	(40, 333.0)	(45, 301.0)	(50, 369.0)	(55, 346.0)	(60, 424.0)	(65, 430.0)	(70, 434.0)	(75, 473.0)	(80, 409.0)	(85, 540.0)	(90, 483.0)	(95, 573.0)	(100, 457.0)	(105, 643.0)	(110, 429.0)	(115, 660.0)	(120, 460.0)	(125, 587.0)	(130, 458.0)	(135, 627.0)	(140, 493.0)	(145, 608.0)	(150, 459.0)	(155, 564.0)	(160, 451.0)	(165, 559.0)	(170, 512.0)	(175, 518.0)	(180, 526.0)	(185, 491.0)	(190, 488.0)	(195, 517.0)	(200, 524.0)	(205, 503.0)	(210, 493.0)	(215, 381.0)	(220, 488.0)	(225, 438.0)	(230, 453.0)	(235, 413.0)	(240, 502.0)	(245, 2585.0)	(250, 23109.0)
clean_SRR37461706_R2	(30, 1.0)	(35, 192.0)	(40, 333.0)	(45, 302.0)	(50, 369.0)	(55, 346.0)	(60, 424.0)	(65, 429.0)	(70, 435.0)	(75, 472.0)	(80, 409.0)	(85, 541.0)	(90, 484.0)	(95, 575.0)	(100, 458.0)	(105, 643.0)	(110, 429.0)	(115, 661.0)	(120, 461.0)	(125, 589.0)	(130, 459.0)	(135, 630.0)	(140, 493.0)	(145, 607.0)	(150, 460.0)	(155, 564.0)	(160, 451.0)	(165, 562.0)	(170, 511.0)	(175, 518.0)	(180, 523.0)	(185, 489.0)	(190, 488.0)	(195, 517.0)	(200, 524.0)	(205, 503.0)	(210, 492.0)	(215, 381.0)	(220, 487.0)	(225, 437.0)	(230, 454.0)	(235, 413.0)	(240, 504.0)	(245, 2561.0)	(250, 23123.0)
clean_SRR37461707_R1	(30, 1.0)	(35, 89.0)	(40, 200.0)	(45, 146.0)	(50, 198.0)	(55, 187.0)	(60, 231.0)	(65, 207.0)	(70, 242.0)	(75, 234.0)	(80, 211.0)	(85, 263.0)	(90, 260.0)	(95, 277.0)	(100, 208.0)	(105, 360.0)	(110, 282.0)	(115, 336.0)	(120, 249.0)	(125, 364.0)	(130, 270.0)	(135, 345.0)	(140, 290.0)	(145, 343.0)	(150, 286.0)	(155, 321.0)	(160, 318.0)	(165, 367.0)	(170, 373.0)	(175, 350.0)	(180, 361.0)	(185, 397.0)	(190, 431.0)	(195, 424.0)	(200, 422.0)	(205, 398.0)	(210, 492.0)	(215, 398.0)	(220, 488.0)	(225, 448.0)	(230, 529.0)	(235, 470.0)	(240, 526.0)	(245, 4918.0)	(250, 45970.0)
clean_SRR37461707_R2	(30, 1.0)	(35, 89.0)	(40, 200.0)	(45, 147.0)	(50, 198.0)	(55, 185.0)	(60, 231.0)	(65, 207.0)	(70, 245.0)	(75, 234.0)	(80, 213.0)	(85, 264.0)	(90, 260.0)	(95, 277.0)	(100, 210.0)	(105, 360.0)	(110, 283.0)	(115, 338.0)	(120, 251.0)	(125, 362.0)	(130, 270.0)	(135, 345.0)	(140, 291.0)	(145, 343.0)	(150, 285.0)	(155, 321.0)	(160, 319.0)	(165, 368.0)	(170, 372.0)	(175, 352.0)	(180, 359.0)	(185, 396.0)	(190, 432.0)	(195, 423.0)	(200, 420.0)	(205, 401.0)	(210, 494.0)	(215, 396.0)	(220, 488.0)	(225, 450.0)	(230, 532.0)	(235, 471.0)	(240, 529.0)	(245, 4780.0)	(250, 46088.0)
clean_SRR37461708_R1	(35, 193.0)	(40, 346.0)	(45, 273.0)	(50, 364.0)	(55, 310.0)	(60, 321.0)	(65, 355.0)	(70, 400.0)	(75, 421.0)	(80, 403.0)	(85, 461.0)	(90, 427.0)	(95, 475.0)	(100, 370.0)	(105, 546.0)	(110, 389.0)	(115, 555.0)	(120, 432.0)	(125, 501.0)	(130, 434.0)	(135, 557.0)	(140, 436.0)	(145, 566.0)	(150, 567.0)	(155, 566.0)	(160, 484.0)	(165, 555.0)	(170, 474.0)	(175, 478.0)	(180, 513.0)	(185, 529.0)	(190, 512.0)	(195, 477.0)	(200, 562.0)	(205, 495.0)	(210, 557.0)	(215, 459.0)	(220, 596.0)	(225, 465.0)	(230, 596.0)	(235, 517.0)	(240, 643.0)	(245, 2779.0)	(250, 22308.0)	
clean_SRR37461708_R2	(35, 193.0)	(40, 345.0)	(45, 271.0)	(50, 364.0)	(55, 311.0)	(60, 323.0)	(65, 355.0)	(70, 403.0)	(75, 420.0)	(80, 402.0)	(85, 460.0)	(90, 426.0)	(95, 474.0)	(100, 371.0)	(105, 546.0)	(110, 388.0)	(115, 554.0)	(120, 432.0)	(125, 500.0)	(130, 435.0)	(135, 557.0)	(140, 435.0)	(145, 566.0)	(150, 568.0)	(155, 567.0)	(160, 484.0)	(165, 555.0)	(170, 473.0)	(175, 477.0)	(180, 510.0)	(185, 531.0)	(190, 514.0)	(195, 478.0)	(200, 562.0)	(205, 494.0)	(210, 556.0)	(215, 457.0)	(220, 595.0)	(225, 463.0)	(230, 594.0)	(235, 515.0)	(240, 643.0)	(245, 2741.0)	(250, 22359.0)	
clean_SRR37461709_R1	(35, 251.0)	(40, 405.0)	(45, 332.0)	(50, 493.0)	(55, 400.0)	(60, 520.0)	(65, 443.0)	(70, 564.0)	(75, 576.0)	(80, 565.0)	(85, 610.0)	(90, 567.0)	(95, 645.0)	(100, 554.0)	(105, 733.0)	(110, 564.0)	(115, 725.0)	(120, 570.0)	(125, 717.0)	(130, 593.0)	(135, 728.0)	(140, 557.0)	(145, 699.0)	(150, 571.0)	(155, 638.0)	(160, 547.0)	(165, 631.0)	(170, 568.0)	(175, 572.0)	(180, 615.0)	(185, 621.0)	(190, 548.0)	(195, 553.0)	(200, 557.0)	(205, 522.0)	(210, 553.0)	(215, 476.0)	(220, 562.0)	(225, 512.0)	(230, 532.0)	(235, 467.0)	(240, 542.0)	(245, 2758.0)	(250, 23666.0)	
clean_SRR37461709_R2	(35, 251.0)	(40, 406.0)	(45, 334.0)	(50, 493.0)	(55, 402.0)	(60, 523.0)	(65, 446.0)	(70, 562.0)	(75, 578.0)	(80, 565.0)	(85, 610.0)	(90, 570.0)	(95, 649.0)	(100, 557.0)	(105, 730.0)	(110, 565.0)	(115, 724.0)	(120, 572.0)	(125, 719.0)	(130, 593.0)	(135, 732.0)	(140, 556.0)	(145, 698.0)	(150, 572.0)	(155, 636.0)	(160, 550.0)	(165, 633.0)	(170, 569.0)	(175, 573.0)	(180, 613.0)	(185, 620.0)	(190, 548.0)	(195, 554.0)	(200, 558.0)	(205, 525.0)	(210, 553.0)	(215, 474.0)	(220, 563.0)	(225, 512.0)	(230, 532.0)	(235, 463.0)	(240, 538.0)	(245, 2754.0)	(250, 23647.0)	
clean_SRR37461710_R1	(35, 113.0)	(40, 230.0)	(45, 214.0)	(50, 299.0)	(55, 239.0)	(60, 358.0)	(65, 351.0)	(70, 357.0)	(75, 395.0)	(80, 399.0)	(85, 469.0)	(90, 405.0)	(95, 504.0)	(100, 411.0)	(105, 635.0)	(110, 437.0)	(115, 605.0)	(120, 423.0)	(125, 554.0)	(130, 470.0)	(135, 659.0)	(140, 491.0)	(145, 604.0)	(150, 524.0)	(155, 603.0)	(160, 489.0)	(165, 630.0)	(170, 597.0)	(175, 590.0)	(180, 591.0)	(185, 556.0)	(190, 593.0)	(195, 594.0)	(200, 632.0)	(205, 541.0)	(210, 587.0)	(215, 507.0)	(220, 589.0)	(225, 543.0)	(230, 599.0)	(235, 544.0)	(240, 644.0)	(245, 3563.0)	(250, 32508.0)	
clean_SRR37461710_R2	(35, 113.0)	(40, 230.0)	(45, 214.0)	(50, 299.0)	(55, 240.0)	(60, 358.0)	(65, 349.0)	(70, 359.0)	(75, 394.0)	(80, 400.0)	(85, 468.0)	(90, 403.0)	(95, 507.0)	(100, 410.0)	(105, 636.0)	(110, 438.0)	(115, 606.0)	(120, 425.0)	(125, 555.0)	(130, 471.0)	(135, 660.0)	(140, 493.0)	(145, 608.0)	(150, 524.0)	(155, 603.0)	(160, 489.0)	(165, 631.0)	(170, 597.0)	(175, 592.0)	(180, 590.0)	(185, 557.0)	(190, 595.0)	(195, 595.0)	(200, 631.0)	(205, 542.0)	(210, 587.0)	(215, 506.0)	(220, 592.0)	(225, 543.0)	(230, 597.0)	(235, 546.0)	(240, 654.0)	(245, 3657.0)	(250, 32382.0)	
clean_SRR37461711_R1	(35, 198.0)	(40, 337.0)	(45, 274.0)	(50, 372.0)	(55, 332.0)	(60, 418.0)	(65, 336.0)	(70, 408.0)	(75, 445.0)	(80, 394.0)	(85, 486.0)	(90, 471.0)	(95, 565.0)	(100, 422.0)	(105, 559.0)	(110, 438.0)	(115, 614.0)	(120, 494.0)	(125, 617.0)	(130, 479.0)	(135, 625.0)	(140, 498.0)	(145, 674.0)	(150, 601.0)	(155, 602.0)	(160, 551.0)	(165, 656.0)	(170, 607.0)	(175, 663.0)	(180, 672.0)	(185, 642.0)	(190, 646.0)	(195, 619.0)	(200, 708.0)	(205, 607.0)	(210, 669.0)	(215, 552.0)	(220, 699.0)	(225, 583.0)	(230, 697.0)	(235, 604.0)	(240, 649.0)	(245, 3269.0)	(250, 27513.0)	
clean_SRR37461711_R2	(35, 198.0)	(40, 338.0)	(45, 273.0)	(50, 371.0)	(55, 333.0)	(60, 416.0)	(65, 337.0)	(70, 404.0)	(75, 445.0)	(80, 395.0)	(85, 487.0)	(90, 471.0)	(95, 567.0)	(100, 421.0)	(105, 560.0)	(110, 437.0)	(115, 614.0)	(120, 493.0)	(125, 619.0)	(130, 481.0)	(135, 627.0)	(140, 493.0)	(145, 672.0)	(150, 600.0)	(155, 600.0)	(160, 551.0)	(165, 654.0)	(170, 606.0)	(175, 664.0)	(180, 668.0)	(185, 641.0)	(190, 645.0)	(195, 619.0)	(200, 707.0)	(205, 608.0)	(210, 668.0)	(215, 550.0)	(220, 699.0)	(225, 582.0)	(230, 695.0)	(235, 598.0)	(240, 644.0)	(245, 3228.0)	(250, 27586.0)	
clean_SRR37461712_R1	(35, 112.0)	(40, 197.0)	(45, 164.0)	(50, 201.0)	(55, 200.0)	(60, 241.0)	(65, 171.0)	(70, 263.0)	(75, 246.0)	(80, 259.0)	(85, 299.0)	(90, 269.0)	(95, 288.0)	(100, 278.0)	(105, 290.0)	(110, 244.0)	(115, 338.0)	(120, 276.0)	(125, 318.0)	(130, 241.0)	(135, 353.0)	(140, 237.0)	(145, 327.0)	(150, 291.0)	(155, 316.0)	(160, 313.0)	(165, 319.0)	(170, 292.0)	(175, 314.0)	(180, 290.0)	(185, 328.0)	(190, 280.0)	(195, 325.0)	(200, 311.0)	(205, 297.0)	(210, 341.0)	(215, 272.0)	(220, 342.0)	(225, 304.0)	(230, 323.0)	(235, 314.0)	(240, 354.0)	(245, 2462.0)	(250, 20789.0)	
clean_SRR37461712_R2	(35, 111.0)	(40, 195.0)	(45, 164.0)	(50, 202.0)	(55, 200.0)	(60, 239.0)	(65, 172.0)	(70, 264.0)	(75, 246.0)	(80, 259.0)	(85, 302.0)	(90, 271.0)	(95, 289.0)	(100, 278.0)	(105, 290.0)	(110, 244.0)	(115, 339.0)	(120, 277.0)	(125, 319.0)	(130, 241.0)	(135, 353.0)	(140, 236.0)	(145, 327.0)	(150, 294.0)	(155, 314.0)	(160, 312.0)	(165, 319.0)	(170, 292.0)	(175, 313.0)	(180, 290.0)	(185, 329.0)	(190, 281.0)	(195, 327.0)	(200, 310.0)	(205, 298.0)	(210, 337.0)	(215, 271.0)	(220, 341.0)	(225, 303.0)	(230, 322.0)	(235, 315.0)	(240, 354.0)	(245, 2280.0)	(250, 20969.0)	
clean_SRR37461713_R1	(35, 118.0)	(40, 164.0)	(45, 135.0)	(50, 171.0)	(55, 170.0)	(60, 197.0)	(65, 197.0)	(70, 220.0)	(75, 222.0)	(80, 212.0)	(85, 263.0)	(90, 263.0)	(95, 296.0)	(100, 238.0)	(105, 304.0)	(110, 226.0)	(115, 318.0)	(120, 219.0)	(125, 336.0)	(130, 254.0)	(135, 354.0)	(140, 268.0)	(145, 379.0)	(150, 289.0)	(155, 301.0)	(160, 267.0)	(165, 324.0)	(170, 347.0)	(175, 303.0)	(180, 331.0)	(185, 382.0)	(190, 380.0)	(195, 305.0)	(200, 331.0)	(205, 293.0)	(210, 367.0)	(215, 334.0)	(220, 365.0)	(225, 347.0)	(230, 373.0)	(235, 368.0)	(240, 372.0)	(245, 1939.0)	(250, 16447.0)	
clean_SRR37461713_R2	(35, 118.0)	(40, 164.0)	(45, 135.0)	(50, 171.0)	(55, 169.0)	(60, 197.0)	(65, 197.0)	(70, 220.0)	(75, 222.0)	(80, 213.0)	(85, 263.0)	(90, 266.0)	(95, 295.0)	(100, 236.0)	(105, 303.0)	(110, 224.0)	(115, 318.0)	(120, 220.0)	(125, 333.0)	(130, 256.0)	(135, 352.0)	(140, 269.0)	(145, 377.0)	(150, 290.0)	(155, 301.0)	(160, 267.0)	(165, 323.0)	(170, 347.0)	(175, 303.0)	(180, 331.0)	(185, 382.0)	(190, 380.0)	(195, 305.0)	(200, 330.0)	(205, 294.0)	(210, 368.0)	(215, 334.0)	(220, 362.0)	(225, 348.0)	(230, 374.0)	(235, 368.0)	(240, 374.0)	(245, 1964.0)	(250, 16426.0)	
