Sample	0	1	2	3	4	5	6	7	8	9	10	11	12	13	14	15	16	17	18	19	20	21	22	23
clean_SRR24510773_R1	(18.0, 1.0)	(19.0, 0.0)	(20.0, 2.0)	(21.0, 3.0)	(22.0, 11.0)	(23.0, 38.0)	(24.0, 61.0)	(25.0, 76.0)	(26.0, 126.0)	(27.0, 191.0)	(28.0, 290.0)	(29.0, 391.0)	(30.0, 647.0)	(31.0, 753.0)	(32.0, 984.0)	(33.0, 1235.0)	(34.0, 1716.0)	(35.0, 2407.0)	(36.0, 4192.0)	(37.0, 11280.0)	(38.0, 62923.0)			
clean_SRR24510773_R2	(17.0, 9.0)	(18.0, 21.0)	(19.0, 47.0)	(20.0, 103.0)	(21.0, 153.0)	(22.0, 225.0)	(23.0, 288.0)	(24.0, 370.0)	(25.0, 485.0)	(26.0, 587.0)	(27.0, 754.0)	(28.0, 933.0)	(29.0, 1103.0)	(30.0, 1265.0)	(31.0, 1415.0)	(32.0, 1676.0)	(33.0, 2105.0)	(34.0, 2735.0)	(35.0, 4077.0)	(36.0, 6815.0)	(37.0, 18719.0)	(38.0, 43442.0)		
clean_SRR24510774_R1	(19.0, 3.0)	(20.0, 9.0)	(21.0, 24.0)	(22.0, 61.0)	(23.0, 73.0)	(24.0, 85.0)	(25.0, 125.0)	(26.0, 199.0)	(27.0, 284.0)	(28.0, 387.0)	(29.0, 565.0)	(30.0, 778.0)	(31.0, 992.0)	(32.0, 1276.0)	(33.0, 1592.0)	(34.0, 2107.0)	(35.0, 2963.0)	(36.0, 5176.0)	(37.0, 13781.0)	(38.0, 74315.0)				
clean_SRR24510774_R2	(16.0, 2.0)	(17.0, 11.0)	(18.0, 41.0)	(19.0, 81.0)	(20.0, 149.0)	(21.0, 198.0)	(22.0, 256.0)	(23.0, 327.0)	(24.0, 393.0)	(25.0, 516.0)	(26.0, 638.0)	(27.0, 814.0)	(28.0, 1044.0)	(29.0, 1186.0)	(30.0, 1423.0)	(31.0, 1683.0)	(32.0, 1972.0)	(33.0, 2414.0)	(34.0, 3198.0)	(35.0, 4531.0)	(36.0, 7765.0)	(37.0, 21530.0)	(38.0, 54623.0)	
clean_SRR24510775_R1	(19.0, 3.0)	(20.0, 8.0)	(21.0, 29.0)	(22.0, 43.0)	(23.0, 89.0)	(24.0, 117.0)	(25.0, 216.0)	(26.0, 348.0)	(27.0, 497.0)	(28.0, 762.0)	(29.0, 1134.0)	(30.0, 1604.0)	(31.0, 2107.0)	(32.0, 3022.0)	(33.0, 4123.0)	(34.0, 5769.0)	(35.0, 8542.0)	(36.0, 13732.0)	(37.0, 30550.0)	(38.0, 46893.0)				
clean_SRR24510775_R2	(16.0, 1.0)	(17.0, 14.0)	(18.0, 37.0)	(19.0, 57.0)	(20.0, 112.0)	(21.0, 158.0)	(22.0, 254.0)	(23.0, 368.0)	(24.0, 547.0)	(25.0, 681.0)	(26.0, 948.0)	(27.0, 1369.0)	(28.0, 1733.0)	(29.0, 2322.0)	(30.0, 2908.0)	(31.0, 3972.0)	(32.0, 5250.0)	(33.0, 7021.0)	(34.0, 9424.0)	(35.0, 13411.0)	(36.0, 19473.0)	(37.0, 32376.0)	(38.0, 17152.0)	
clean_SRR24510776_R1	(18.0, 1.0)	(19.0, 1.0)	(20.0, 3.0)	(21.0, 4.0)	(22.0, 16.0)	(23.0, 23.0)	(24.0, 53.0)	(25.0, 76.0)	(26.0, 100.0)	(27.0, 166.0)	(28.0, 270.0)	(29.0, 355.0)	(30.0, 437.0)	(31.0, 579.0)	(32.0, 869.0)	(33.0, 1095.0)	(34.0, 1427.0)	(35.0, 1944.0)	(36.0, 3267.0)	(37.0, 8623.0)	(38.0, 49740.0)			
clean_SRR24510776_R2	(17.0, 4.0)	(18.0, 25.0)	(19.0, 48.0)	(20.0, 134.0)	(21.0, 212.0)	(22.0, 292.0)	(23.0, 342.0)	(24.0, 431.0)	(25.0, 598.0)	(26.0, 621.0)	(27.0, 749.0)	(28.0, 858.0)	(29.0, 981.0)	(30.0, 1063.0)	(31.0, 1307.0)	(32.0, 1532.0)	(33.0, 1789.0)	(34.0, 2428.0)	(35.0, 3275.0)	(36.0, 5668.0)	(37.0, 14188.0)	(38.0, 32504.0)		
clean_SRR24510777_R1	(18.0, 1.0)	(19.0, 6.0)	(20.0, 18.0)	(21.0, 38.0)	(22.0, 61.0)	(23.0, 88.0)	(24.0, 111.0)	(25.0, 150.0)	(26.0, 163.0)	(27.0, 269.0)	(28.0, 325.0)	(29.0, 445.0)	(30.0, 576.0)	(31.0, 668.0)	(32.0, 929.0)	(33.0, 1162.0)	(34.0, 1522.0)	(35.0, 2298.0)	(36.0, 3853.0)	(37.0, 9822.0)	(38.0, 53952.0)			
clean_SRR24510777_R2	(15.0, 1.0)	(16.0, 2.0)	(17.0, 8.0)	(18.0, 33.0)	(19.0, 88.0)	(20.0, 111.0)	(21.0, 183.0)	(22.0, 222.0)	(23.0, 307.0)	(24.0, 411.0)	(25.0, 439.0)	(26.0, 564.0)	(27.0, 667.0)	(28.0, 889.0)	(29.0, 935.0)	(30.0, 1132.0)	(31.0, 1288.0)	(32.0, 1512.0)	(33.0, 1882.0)	(34.0, 2363.0)	(35.0, 3297.0)	(36.0, 5356.0)	(37.0, 13941.0)	(38.0, 40826.0)
clean_SRR24510778_R1	(18.0, 1.0)	(19.0, 0.0)	(20.0, 4.0)	(21.0, 4.0)	(22.0, 11.0)	(23.0, 15.0)	(24.0, 38.0)	(25.0, 62.0)	(26.0, 96.0)	(27.0, 121.0)	(28.0, 190.0)	(29.0, 286.0)	(30.0, 413.0)	(31.0, 496.0)	(32.0, 649.0)	(33.0, 939.0)	(34.0, 1279.0)	(35.0, 2027.0)	(36.0, 3156.0)	(37.0, 7933.0)	(38.0, 21962.0)			
clean_SRR24510778_R2	(17.0, 4.0)	(18.0, 7.0)	(19.0, 12.0)	(20.0, 46.0)	(21.0, 73.0)	(22.0, 88.0)	(23.0, 140.0)	(24.0, 184.0)	(25.0, 223.0)	(26.0, 267.0)	(27.0, 330.0)	(28.0, 376.0)	(29.0, 455.0)	(30.0, 564.0)	(31.0, 691.0)	(32.0, 802.0)	(33.0, 1062.0)	(34.0, 1371.0)	(35.0, 2164.0)	(36.0, 4020.0)	(37.0, 10164.0)	(38.0, 16639.0)		
clean_SRR24510779_R1	(16.0, 1.0)	(17.0, 0.0)	(18.0, 0.0)	(19.0, 0.0)	(20.0, 1.0)	(21.0, 0.0)	(22.0, 6.0)	(23.0, 12.0)	(24.0, 24.0)	(25.0, 26.0)	(26.0, 42.0)	(27.0, 73.0)	(28.0, 78.0)	(29.0, 122.0)	(30.0, 166.0)	(31.0, 213.0)	(32.0, 285.0)	(33.0, 371.0)	(34.0, 449.0)	(35.0, 695.0)	(36.0, 1182.0)	(37.0, 3128.0)	(38.0, 16781.0)	
clean_SRR24510779_R2	(17.0, 2.0)	(18.0, 7.0)	(19.0, 15.0)	(20.0, 46.0)	(21.0, 63.0)	(22.0, 79.0)	(23.0, 108.0)	(24.0, 126.0)	(25.0, 153.0)	(26.0, 170.0)	(27.0, 199.0)	(28.0, 264.0)	(29.0, 262.0)	(30.0, 351.0)	(31.0, 376.0)	(32.0, 462.0)	(33.0, 593.0)	(34.0, 812.0)	(35.0, 1100.0)	(36.0, 1816.0)	(37.0, 4750.0)	(38.0, 11901.0)		
clean_SRR24510780_R1	(20.0, 1.0)	(21.0, 0.0)	(22.0, 5.0)	(23.0, 6.0)	(24.0, 16.0)	(25.0, 28.0)	(26.0, 34.0)	(27.0, 66.0)	(28.0, 93.0)	(29.0, 129.0)	(30.0, 174.0)	(31.0, 244.0)	(32.0, 302.0)	(33.0, 434.0)	(34.0, 590.0)	(35.0, 871.0)	(36.0, 1513.0)	(37.0, 4517.0)	(38.0, 29201.0)					
clean_SRR24510780_R2	(17.0, 5.0)	(18.0, 6.0)	(19.0, 16.0)	(20.0, 43.0)	(21.0, 57.0)	(22.0, 104.0)	(23.0, 123.0)	(24.0, 141.0)	(25.0, 174.0)	(26.0, 223.0)	(27.0, 250.0)	(28.0, 306.0)	(29.0, 323.0)	(30.0, 405.0)	(31.0, 459.0)	(32.0, 567.0)	(33.0, 729.0)	(34.0, 1006.0)	(35.0, 1392.0)	(36.0, 2560.0)	(37.0, 7452.0)	(38.0, 21883.0)		
clean_SRR24510782_R1	(20.0, 2.0)	(21.0, 2.0)	(22.0, 5.0)	(23.0, 10.0)	(24.0, 15.0)	(25.0, 18.0)	(26.0, 26.0)	(27.0, 37.0)	(28.0, 70.0)	(29.0, 108.0)	(30.0, 149.0)	(31.0, 206.0)	(32.0, 276.0)	(33.0, 389.0)	(34.0, 561.0)	(35.0, 801.0)	(36.0, 1520.0)	(37.0, 4406.0)	(38.0, 21243.0)					
clean_SRR24510782_R2	(17.0, 1.0)	(18.0, 4.0)	(19.0, 16.0)	(20.0, 27.0)	(21.0, 68.0)	(22.0, 76.0)	(23.0, 108.0)	(24.0, 116.0)	(25.0, 141.0)	(26.0, 161.0)	(27.0, 197.0)	(28.0, 248.0)	(29.0, 252.0)	(30.0, 336.0)	(31.0, 420.0)	(32.0, 536.0)	(33.0, 705.0)	(34.0, 939.0)	(35.0, 1358.0)	(36.0, 2361.0)	(37.0, 6505.0)	(38.0, 15269.0)		
clean_SRR37461704_R1	(19.0, 2.0)	(20.0, 2.0)	(21.0, 4.0)	(22.0, 13.0)	(23.0, 31.0)	(24.0, 36.0)	(25.0, 52.0)	(26.0, 88.0)	(27.0, 151.0)	(28.0, 224.0)	(29.0, 358.0)	(30.0, 512.0)	(31.0, 692.0)	(32.0, 860.0)	(33.0, 1212.0)	(34.0, 1736.0)	(35.0, 2541.0)	(36.0, 4172.0)	(37.0, 10451.0)	(38.0, 35512.0)				
clean_SRR37461704_R2	(16.0, 1.0)	(17.0, 17.0)	(18.0, 36.0)	(19.0, 38.0)	(20.0, 31.0)	(21.0, 59.0)	(22.0, 66.0)	(23.0, 105.0)	(24.0, 129.0)	(25.0, 215.0)	(26.0, 282.0)	(27.0, 352.0)	(28.0, 484.0)	(29.0, 655.0)	(30.0, 751.0)	(31.0, 995.0)	(32.0, 1176.0)	(33.0, 1660.0)	(34.0, 2268.0)	(35.0, 3574.0)	(36.0, 6037.0)	(37.0, 15640.0)	(38.0, 24078.0)	
clean_SRR37461705_R1	(19.0, 1.0)	(20.0, 3.0)	(21.0, 4.0)	(22.0, 9.0)	(23.0, 17.0)	(24.0, 51.0)	(25.0, 83.0)	(26.0, 124.0)	(27.0, 222.0)	(28.0, 327.0)	(29.0, 495.0)	(30.0, 729.0)	(31.0, 1001.0)	(32.0, 1326.0)	(33.0, 1779.0)	(34.0, 2389.0)	(35.0, 3344.0)	(36.0, 5661.0)	(37.0, 12248.0)	(38.0, 27078.0)				
clean_SRR37461705_R2	(16.0, 1.0)	(17.0, 4.0)	(18.0, 28.0)	(19.0, 20.0)	(20.0, 26.0)	(21.0, 35.0)	(22.0, 48.0)	(23.0, 76.0)	(24.0, 110.0)	(25.0, 154.0)	(26.0, 191.0)	(27.0, 269.0)	(28.0, 326.0)	(29.0, 446.0)	(30.0, 554.0)	(31.0, 801.0)	(32.0, 1011.0)	(33.0, 1472.0)	(34.0, 2047.0)	(35.0, 3358.0)	(36.0, 6242.0)	(37.0, 16798.0)	(38.0, 22874.0)	
clean_SRR37461706_R1	(21.0, 4.0)	(22.0, 4.0)	(23.0, 18.0)	(24.0, 18.0)	(25.0, 40.0)	(26.0, 65.0)	(27.0, 107.0)	(28.0, 158.0)	(29.0, 286.0)	(30.0, 372.0)	(31.0, 540.0)	(32.0, 702.0)	(33.0, 905.0)	(34.0, 1372.0)	(35.0, 1906.0)	(36.0, 3229.0)	(37.0, 7924.0)	(38.0, 28054.0)						
clean_SRR37461706_R2	(17.0, 5.0)	(18.0, 19.0)	(19.0, 27.0)	(20.0, 33.0)	(21.0, 54.0)	(22.0, 69.0)	(23.0, 89.0)	(24.0, 126.0)	(25.0, 201.0)	(26.0, 223.0)	(27.0, 344.0)	(28.0, 458.0)	(29.0, 532.0)	(30.0, 719.0)	(31.0, 856.0)	(32.0, 1097.0)	(33.0, 1434.0)	(34.0, 1951.0)	(35.0, 3038.0)	(36.0, 5200.0)	(37.0, 12861.0)	(38.0, 16368.0)		
clean_SRR37461707_R1	(20.0, 1.0)	(21.0, 7.0)	(22.0, 11.0)	(23.0, 21.0)	(24.0, 25.0)	(25.0, 66.0)	(26.0, 120.0)	(27.0, 174.0)	(28.0, 333.0)	(29.0, 391.0)	(30.0, 630.0)	(31.0, 776.0)	(32.0, 1163.0)	(33.0, 1517.0)	(34.0, 2101.0)	(35.0, 3082.0)	(36.0, 4818.0)	(37.0, 11198.0)	(38.0, 38046.0)					
clean_SRR37461707_R2	(16.0, 1.0)	(17.0, 11.0)	(18.0, 28.0)	(19.0, 35.0)	(20.0, 53.0)	(21.0, 90.0)	(22.0, 150.0)	(23.0, 228.0)	(24.0, 305.0)	(25.0, 389.0)	(26.0, 535.0)	(27.0, 640.0)	(28.0, 768.0)	(29.0, 977.0)	(30.0, 1250.0)	(31.0, 1452.0)	(32.0, 1788.0)	(33.0, 2320.0)	(34.0, 3137.0)	(35.0, 4485.0)	(36.0, 7219.0)	(37.0, 17106.0)	(38.0, 21513.0)	
clean_SRR37461708_R1	(21.0, 7.0)	(22.0, 11.0)	(23.0, 11.0)	(24.0, 16.0)	(25.0, 31.0)	(26.0, 57.0)	(27.0, 97.0)	(28.0, 133.0)	(29.0, 244.0)	(30.0, 317.0)	(31.0, 413.0)	(32.0, 613.0)	(33.0, 807.0)	(34.0, 1166.0)	(35.0, 1711.0)	(36.0, 2901.0)	(37.0, 7231.0)	(38.0, 28901.0)						
clean_SRR37461708_R2	(16.0, 1.0)	(17.0, 9.0)	(18.0, 23.0)	(19.0, 26.0)	(20.0, 32.0)	(21.0, 32.0)	(22.0, 47.0)	(23.0, 45.0)	(24.0, 82.0)	(25.0, 76.0)	(26.0, 155.0)	(27.0, 172.0)	(28.0, 265.0)	(29.0, 318.0)	(30.0, 425.0)	(31.0, 579.0)	(32.0, 722.0)	(33.0, 1008.0)	(34.0, 1392.0)	(35.0, 2220.0)	(36.0, 3967.0)	(37.0, 10849.0)	(38.0, 22222.0)	
clean_SRR37461709_R1	(20.0, 1.0)	(21.0, 1.0)	(22.0, 11.0)	(23.0, 25.0)	(24.0, 30.0)	(25.0, 52.0)	(26.0, 75.0)	(27.0, 152.0)	(28.0, 209.0)	(29.0, 324.0)	(30.0, 433.0)	(31.0, 614.0)	(32.0, 832.0)	(33.0, 1126.0)	(34.0, 1560.0)	(35.0, 2278.0)	(36.0, 3860.0)	(37.0, 9267.0)	(38.0, 28972.0)					
clean_SRR37461709_R2	(17.0, 11.0)	(18.0, 24.0)	(19.0, 39.0)	(20.0, 24.0)	(21.0, 20.0)	(22.0, 51.0)	(23.0, 67.0)	(24.0, 94.0)	(25.0, 120.0)	(26.0, 185.0)	(27.0, 255.0)	(28.0, 371.0)	(29.0, 448.0)	(30.0, 561.0)	(31.0, 710.0)	(32.0, 924.0)	(33.0, 1341.0)	(34.0, 1797.0)	(35.0, 2867.0)	(36.0, 5028.0)	(37.0, 13536.0)	(38.0, 21349.0)		
clean_SRR37461710_R1	(20.0, 1.0)	(21.0, 5.0)	(22.0, 7.0)	(23.0, 26.0)	(24.0, 47.0)	(25.0, 59.0)	(26.0, 134.0)	(27.0, 206.0)	(28.0, 289.0)	(29.0, 438.0)	(30.0, 651.0)	(31.0, 877.0)	(32.0, 1158.0)	(33.0, 1611.0)	(34.0, 2285.0)	(35.0, 3197.0)	(36.0, 5123.0)	(37.0, 11812.0)	(38.0, 28720.0)					
clean_SRR37461710_R2	(17.0, 19.0)	(18.0, 26.0)	(19.0, 26.0)	(20.0, 18.0)	(21.0, 43.0)	(22.0, 59.0)	(23.0, 84.0)	(24.0, 82.0)	(25.0, 135.0)	(26.0, 157.0)	(27.0, 217.0)	(28.0, 285.0)	(29.0, 359.0)	(30.0, 466.0)	(31.0, 680.0)	(32.0, 865.0)	(33.0, 1289.0)	(34.0, 1915.0)	(35.0, 3049.0)	(36.0, 5822.0)	(37.0, 15725.0)	(38.0, 25325.0)		
clean_SRR37461711_R1	(20.0, 2.0)	(21.0, 1.0)	(22.0, 8.0)	(23.0, 16.0)	(24.0, 22.0)	(25.0, 24.0)	(26.0, 88.0)	(27.0, 121.0)	(28.0, 188.0)	(29.0, 271.0)	(30.0, 413.0)	(31.0, 573.0)	(32.0, 791.0)	(33.0, 1088.0)	(34.0, 1571.0)	(35.0, 2220.0)	(36.0, 3691.0)	(37.0, 8760.0)	(38.0, 33417.0)					
clean_SRR37461711_R2	(17.0, 12.0)	(18.0, 27.0)	(19.0, 59.0)	(20.0, 125.0)	(21.0, 217.0)	(22.0, 291.0)	(23.0, 338.0)	(24.0, 470.0)	(25.0, 607.0)	(26.0, 686.0)	(27.0, 856.0)	(28.0, 1015.0)	(29.0, 1085.0)	(30.0, 1310.0)	(31.0, 1469.0)	(32.0, 1805.0)	(33.0, 2271.0)	(34.0, 2940.0)	(35.0, 3993.0)	(36.0, 6400.0)	(37.0, 13706.0)	(38.0, 13583.0)		
clean_SRR37461712_R1	(20.0, 1.0)	(21.0, 3.0)	(22.0, 7.0)	(23.0, 14.0)	(24.0, 20.0)	(25.0, 29.0)	(26.0, 52.0)	(27.0, 94.0)	(28.0, 141.0)	(29.0, 226.0)	(30.0, 266.0)	(31.0, 395.0)	(32.0, 511.0)	(33.0, 746.0)	(34.0, 986.0)	(35.0, 1430.0)	(36.0, 2369.0)	(37.0, 5765.0)	(38.0, 21934.0)					
clean_SRR37461712_R2	(17.0, 2.0)	(18.0, 19.0)	(19.0, 26.0)	(20.0, 34.0)	(21.0, 58.0)	(22.0, 78.0)	(23.0, 94.0)	(24.0, 144.0)	(25.0, 188.0)	(26.0, 251.0)	(27.0, 312.0)	(28.0, 424.0)	(29.0, 462.0)	(30.0, 620.0)	(31.0, 778.0)	(32.0, 951.0)	(33.0, 1155.0)	(34.0, 1598.0)	(35.0, 2401.0)	(36.0, 3981.0)	(37.0, 9589.0)	(38.0, 11824.0)		
clean_SRR37461713_R1	(21.0, 2.0)	(22.0, 4.0)	(23.0, 11.0)	(24.0, 24.0)	(25.0, 21.0)	(26.0, 42.0)	(27.0, 68.0)	(28.0, 119.0)	(29.0, 164.0)	(30.0, 229.0)	(31.0, 345.0)	(32.0, 471.0)	(33.0, 549.0)	(34.0, 820.0)	(35.0, 1268.0)	(36.0, 2043.0)	(37.0, 4891.0)	(38.0, 19218.0)						
clean_SRR37461713_R2	(17.0, 6.0)	(18.0, 14.0)	(19.0, 17.0)	(20.0, 28.0)	(21.0, 37.0)	(22.0, 38.0)	(23.0, 56.0)	(24.0, 59.0)	(25.0, 109.0)	(26.0, 131.0)	(27.0, 183.0)	(28.0, 224.0)	(29.0, 304.0)	(30.0, 381.0)	(31.0, 532.0)	(32.0, 590.0)	(33.0, 794.0)	(34.0, 1234.0)	(35.0, 1782.0)	(36.0, 3046.0)	(37.0, 7857.0)	(38.0, 12867.0)		
